.Random.seed <-
c(403L, 10L, 1745443963L, -1845743030L, 2129364652L, 1312965039L, 
-137221787L, -1875790052L, 1107147634L, 1305876461L, -751904729L, 
-1341956018L, 958629032L, 941746859L, 1262280649L, -522751016L, 
1404228230L, 989348705L, -954972429L, -1621345950L, 1081608148L, 
1588933335L, -349480755L, 475656292L, 17538634L, 1723681717L, 
-1161578737L, -1325087722L, -2085184L, -598116221L, -1531456351L, 
1065237136L, 854665582L, -2042804455L, 330513323L, -1524430438L, 
2003307868L, 129147999L, 444603445L, 2002454476L, -1246538974L, 
-2088317571L, 1596153463L, -1155119202L, -120740264L, 1555451835L, 
-189406887L, 13392616L, 1298785046L, 1663624337L, 478689603L, 
-1231006638L, -284367132L, -1653432025L, -397815427L, -1467180940L, 
1973656154L, -1318553947L, -90004289L, -1036306618L, 241284560L, 
-274896909L, -105013487L, -1379934400L, 1695049502L, 694917097L, 
1932492059L, 1534170922L, 318629964L, -134848497L, -1614599355L, 
-546439940L, -1243657390L, -815051571L, 1210444935L, 1371666286L, 
-1872508600L, -1409749685L, -875532119L, -501796360L, -990920410L, 
-1994907071L, 34032595L, 545585538L, 808930740L, -335177417L, 
-565457875L, 1149155652L, -1945702806L, -955234091L, 520349295L, 
-711494794L, 890348704L, 889830755L, -765145599L, -1124168336L, 
-488796914L, -1125593223L, 2136567563L, 1404530746L, -1127317700L, 
475331711L, 1528139733L, -652107284L, 624055106L, -60293987L, 
-1369651945L, -664126338L, 1956926520L, -1809911013L, -1867761543L, 
1889280200L, 1520429302L, -2136098511L, 1549668707L, -296418510L, 
-1381020540L, 1652472007L, -650763363L, -1710471404L, 123141562L, 
-1992713211L, 956166623L, -498322330L, 2048250864L, 619097363L, 
-2096868687L, 1886698848L, 1901327102L, -8999287L, 1091951035L, 
50889610L, -2063275412L, 1497310191L, -2024797147L, -2024287012L, 
470166194L, 987696557L, -293219993L, -439718258L, -523258008L, 
-997707925L, 1531558153L, 583184280L, -2139613498L, 758834209L, 
999420083L, -1095783902L, 762702868L, -1457667945L, 226882189L, 
850305956L, -1103094390L, 1523157493L, -1668799409L, 218432342L, 
-1907295744L, -1389063357L, -1398230303L, -1756012464L, -1708195666L, 
-551324583L, 576472171L, 375065050L, -154365284L, 325856415L, 
-1612226827L, -196140148L, 1364013666L, -1426602435L, -1703614281L, 
1400952670L, 1727863448L, 352602619L, -998902887L, -50148312L, 
491076822L, -155293359L, 1663043587L, -9629806L, -1540711132L, 
2023994343L, 25282621L, -995510604L, 1511152922L, 1564946021L, 
-2075794689L, 279476102L, 2061895952L, 961067443L, -485858735L, 
-1888243200L, -2140229922L, -193534679L, -1968510757L, 1374629866L, 
1021874060L, -887881521L, 1201111173L, 1791476540L, -216516078L, 
-844426995L, 1094408775L, -944488402L, 692680072L, 1326550155L, 
376759913L, -1578157512L, -1713706266L, 2004092545L, -2058663405L, 
4468162L, -1890146700L, 1929885815L, 1251309933L, -1629405692L, 
-226939606L, 1157188245L, -535150289L, 2114966582L, 1703161952L, 
-1208150365L, -30305855L, -1973785168L, 2044290254L, -1107242439L, 
-1404574645L, 1392010746L, 1038442748L, 254680082L, 1374186368L, 
66698004L, -985713368L, -263385030L, 552649680L, 946289260L, 
-289715148L, -2000826222L, 1039137120L, 65789260L, -103950880L, 
316332962L, 369769384L, 1998216332L, -1681214532L, -1124883342L, 
1743087600L, 849036356L, -901322664L, -903749574L, -56563600L, 
1441373756L, -859592940L, -1371845950L, 102748896L, -1263172484L, 
491818192L, -356756574L, -93336024L, 1072537868L, 605931452L, 
1236054322L, 1942976704L, 786444852L, -1040115000L, 1431077562L, 
-2027647856L, -877623572L, 708171348L, 1725556370L, 2115360L, 
-1915480116L, -2137700128L, -1485975870L, -672721880L, 699431852L, 
-1650791748L, 1470595570L, 1977615920L, -1919789148L, 2100175288L, 
-145245350L, 1365365904L, 2006326140L, 367894292L, -1416946366L, 
1307266816L, 402676668L, 1701232464L, -2029461214L, 1481034312L, 
1305303052L, -648393636L, 1811321298L, -1507265024L, 500822356L, 
1622704360L, -1889881862L, 902571728L, -774649556L, 1430329588L, 
1699900818L, -207869600L, -659019764L, 288852704L, -272858526L, 
1564621480L, -204785076L, 349906812L, 658042162L, -807451024L, 
2000862020L, 1493026776L, -1434681478L, -981791184L, -8865860L, 
1586181716L, 422996034L, 869785760L, 1283763900L, -1678145072L, 
-414399646L, 1121288936L, -2059157300L, 882467324L, 2109409778L, 
-1086334336L, -811616780L, -1882208632L, 1531428666L, 1595229008L, 
13816940L, 666425748L, -1589009326L, 171370976L, 878623948L, 
581086368L, -1008962174L, -78929688L, 2041143020L, 697052476L, 
1358806130L, 749846640L, -59090908L, -717509576L, -258689254L, 
776355024L, 717125436L, 1291098004L, 1758825346L, 1136210368L, 
13577788L, -1008564848L, -282368478L, -713581304L, 218121868L, 
635262748L, 2094080146L, -359945856L, -1803960812L, -215404760L, 
-1139649990L, 794072528L, 263047532L, -54393932L, -748320750L, 
1986350560L, -1095925812L, 1013866720L, 367523874L, -1479655128L, 
-960307700L, -591569092L, 1920351218L, 412486384L, 1163781700L, 
1257448024L, 1664024378L, -138062352L, -220197188L, -1818355436L, 
-1920574782L, -1214722976L, -665898116L, 1779926992L, -398573278L, 
1163446952L, -1245809780L, 1800939708L, 1464985394L, -540808640L, 
-572644172L, -318277048L, -598639174L, 917756432L, 1121430252L, 
384182612L, -2070904558L, -1251828320L, 822254284L, -42008992L, 
-1383645246L, 1545813800L, 135794604L, 621785916L, 146278770L, 
1146706736L, -2098182876L, -1281492168L, 1495062234L, 1391165328L, 
448966396L, -1277926508L, -189368254L, -1525988096L, 1202283580L, 
-300834480L, -1507776350L, 924277064L, -1603459316L, 2010731228L, 
-790459054L, -699540352L, 194338900L, 381925352L, 1181614330L, 
-1289868464L, -759128276L, 1421728116L, 471255954L, 554068064L, 
1945396620L, -2061288608L, 1232931298L, 860777384L, -1055712052L, 
-15140868L, -2096429646L, -865636880L, -284173372L, -1699439272L, 
1750184314L, 440265648L, -471989828L, -783701932L, -1107718206L, 
-388179936L, 1037162684L, 1821311568L, -460739614L, 1775208552L, 
2072812620L, 1408301308L, -918103054L, -1174030080L, 432955764L, 
-248869595L, 363863599L, -192009240L, -710067002L, 270838131L, 
1228345813L, -1914837582L, -1489224832L, 737648489L, 1884312539L, 
-234792148L, -916404934L, -560333841L, 577146489L, -1744250610L, 
-960149284L, 889929549L, 1233874615L, -431031232L, -704096994L, 
886657003L, -146017427L, -1708981798L, -1982030952L, 462512641L, 
1578505139L, 1380528852L, 1013199842L, 2005943927L, -391381055L, 
-915874490L, 1889021060L, -1211944395L, 214989343L, -1775166088L, 
-973874090L, -1269227293L, -1130649947L, 634800962L, 1467965744L, 
-396773031L, 1006615243L, 83026748L, -769143958L, 1934502303L, 
-2125586391L, -1046775106L, -2031043668L, -1509979907L, 923067463L, 
1205502768L, 1860011086L, 1361078395L, 611625949L, -1234931190L, 
1115354920L, 1313221009L, 2013310851L, -1983609724L, 2016240306L, 
1944548871L, 1062991441L, -1639281194L, -1197416268L, -1349378875L, 
-357442033L, -2123524472L, 1721654182L, 400331603L, 1708375221L, 
374454802L, 296998880L, -430110135L, -425017221L, 1851429196L, 
464635098L, 990618831L, 247722137L, 1789389998L, 453990844L, 
-932617683L, -1029040681L, -1584366560L, 423371134L, 349630283L, 
-602540723L, 1515305850L, 119627192L, -522076319L, 1627223827L, 
-1894871244L, -155263678L, 1270370647L, 1766710433L, 408765798L, 
795617124L, -98269547L, -1842528321L, 630440792L, -1869250186L, 
-1161919613L, 1994416581L, -143055134L, 1121150800L, 385524345L, 
564561323L, -1993897188L, 460774474L, 319850559L, -1396057975L, 
-1957053282L, 221686092L, -277827299L, 1306172583L, 1995811792L, 
-773926034L, 990401051L, 1363522429L, -1067183766L, 129028104L, 
-1255049039L, 1999165219L, -1313475548L, -1640913198L, 138167079L, 
-1162476175L, -1086927946L, 574418772L, -608327195L, -1403808785L, 
1039950632L, -829414522L, 2056986547L, 1025464085L, -722042510L, 
-446462528L, 1254995497L, 14535323L, 1602581356L, 1680247674L, 
-1659226961L, -1292271687L, 372316622L, -1506460388L, -2060666739L, 
1619326199L, -1065906176L, 410604126L, -1431024341L, -971346387L, 
